# This file has been automatically generated after a calibration run
model_parameters:
  ae:
    ae_scale_factor: 1.0
  gm:
    direct_response: 0.12732354907979682
    dtf: 5.0
  kirchner:
    c1: -5.960065675753198
    c2: 0.0020143356566006965
    c3: -0.1351780313740358
  msp:
    reservoir_direct_response_fraction: 1.0
  p_corr:
    scale_factor: 1.2395931865010699
  pt:
    albedo: 0.2
    alpha: 1.26
  routing:
    alpha: 0.9
    beta: 3.0
    velocity: 0.0
  st:
    cfr: 0.24528441704067505
    cx: 26.726436818998145
    lwmax: 0.8265593874898813
    shape: 2.0
    ts: -0.7155643354415235
    tx: 4.0
model_t: !!python/name:shyft.hydrology.pt_st_k._pt_st_k.PTSTKModel
