# This file has been automatically generated after a calibration run
model_parameters:
  ae:
    ae_scale_factor: 1.0
  gm:
    direct_response: 0.1341857311803839
    dtf: 6.0
  kirchner:
    c1: -5.8507506177440245
    c2: 0.11463390805423623
    c3: -0.11457962569411007
  msp:
    reservoir_direct_response_fraction: 1.0
  p_corr:
    scale_factor: 1.1792681726296108
  pt:
    albedo: 0.2
    alpha: 1.26
  routing:
    alpha: 0.9
    beta: 3.0
    velocity: 0.0
  st:
    cfr: 0.5651447768351487
    cx: 29.995984415833792
    lwmax: 0.48375916536213004
    shape: 2.0
    ts: -0.9942805935582189
    tx: 0.4136356872321487
model_t: !!python/name:shyft.hydrology.pt_st_k._pt_st_k.PTSTKModel
