# This file has been automatically generated after a calibration run
model_parameters:
  ae:
    ae_scale_factor: 1.0
  gm:
    direct_response: 0.11548745224827388
    dtf: 6.0
  kirchner:
    c1: -5.940903437197639
    c2: 0.13635847006977464
    c3: -0.09577996898870758
  msp:
    reservoir_direct_response_fraction: 1.0
  p_corr:
    scale_factor: 1.3586433333698098
  pt:
    albedo: 0.2
    alpha: 1.26
  routing:
    alpha: 0.9
    beta: 3.0
    velocity: 0.0
  st:
    cfr: 0.6725999695208339
    cx: 29.783085461642415
    lwmax: 0.4208034833769054
    shape: 2.0
    ts: -0.2345100562844582
    tx: -1.308606379073293
model_t: !!python/name:shyft.hydrology.pt_st_k._pt_st_k.PTSTKModel
