# This file has been automatically generated after a calibration run
model_parameters:
  ae:
    ae_scale_factor: 1.0
  gm:
    direct_response: 0.5327817349452916
    dtf: 6.0
  kirchner:
    c1: -5.8748950554148145
    c2: 0.12140492063295083
    c3: -0.09106715447010624
  msp:
    reservoir_direct_response_fraction: 1.0
  p_corr:
    scale_factor: 1.2980639733216208
  pt:
    albedo: 0.2
    alpha: 1.26
  routing:
    alpha: 0.9
    beta: 3.0
    velocity: 0.0
  st:
    cfr: 0.27926081204866127
    cx: 13.650815598066174
    lwmax: 0.9887645545011999
    shape: 2.0
    ts: -2.0107779296412476
    tx: -0.43218822305823545
model_t: !!python/name:shyft.hydrology.pt_st_k._pt_st_k.PTSTKModel
