# This file has been automatically generated after a calibration run
model_parameters:
  ae:
    ae_scale_factor: 1.0
  gm:
    direct_response: 0.5162141692995589
    dtf: 6.0
  kirchner:
    c1: -5.9109854992030915
    c2: 0.0332865415148802
    c3: -0.12065020406059485
  msp:
    reservoir_direct_response_fraction: 1.0
  p_corr:
    scale_factor: 1.2964983090895805
  pt:
    albedo: 0.2
    alpha: 1.26
  routing:
    alpha: 0.9
    beta: 3.0
    velocity: 0.0
  st:
    cfr: 0.7408028522768577
    cx: 18.90725700916289
    lwmax: 0.7586577756511882
    shape: 2.0
    ts: -2.7131065895897875
    tx: 0.9657301240886547
model_t: !!python/name:shyft.hydrology.pt_st_k._pt_st_k.PTSTKModel
