# This file has been automatically generated after a calibration run
model_parameters:
  ae:
    ae_scale_factor: 1.3897262550831755
  gm:
    direct_response: 1.0
    dtf: 5.0
  kirchner:
    c1: -4.852869813250375
    c2: 0.27150730222569264
    c3: -0.09489732625985575
  msp:
    reservoir_direct_response_fraction: 1.0
  p_corr:
    scale_factor: 0.7618639248367153
  pt:
    albedo: 0.2
    alpha: 1.26
  routing:
    alpha: 0.9
    beta: 3.0
    velocity: 0.0
  st:
    cfr: 0.4555553277320992
    cx: 0.9319590932604283
    lwmax: 0.0
    shape: 2.0
    ts: 2.17524558674522
    tx: -1.6628895929802914
model_t: !!python/name:shyft.hydrology.pt_st_k._pt_st_k.PTSTKModel
