# This file has been automatically generated after a calibration run
model_parameters:
  ae:
    ae_scale_factor: 1.0
  gm:
    direct_response: 0.5515171402665987
    dtf: 6.0
  kirchner:
    c1: -5.9103553152467825
    c2: 0.05260602969677208
    c3: -0.10648674599499336
  msp:
    reservoir_direct_response_fraction: 1.0
  p_corr:
    scale_factor: 1.2685722067501817
  pt:
    albedo: 0.2
    alpha: 1.26
  routing:
    alpha: 0.9
    beta: 3.0
    velocity: 0.0
  st:
    cfr: 0.33650313974104273
    cx: 17.732208815396866
    lwmax: 0.6115786717100754
    shape: 2.0
    ts: -2.4539929935194293
    tx: -0.6417949087792012
model_t: !!python/name:shyft.hydrology.pt_st_k._pt_st_k.PTSTKModel
