# This file has been automatically generated after a calibration run
model_parameters:
  ae:
    ae_scale_factor: 1.0
  gm:
    direct_response: 0.3010621367651246
    dtf: 6.0
  kirchner:
    c1: -6.086977111436065
    c2: 0.05410752199578761
    c3: -0.08140654530964665
  msp:
    reservoir_direct_response_fraction: 1.0
  p_corr:
    scale_factor: 1.19272602987041
  pt:
    albedo: 0.2
    alpha: 1.26
  routing:
    alpha: 0.9
    beta: 3.0
    velocity: 0.0
  st:
    cfr: 0.7411924251925283
    cx: 23.835853311958992
    lwmax: 0.4775295683893527
    shape: 2.0
    ts: -2.495288912017344
    tx: -2.5394425480405416
model_t: !!python/name:shyft.hydrology.pt_st_k._pt_st_k.PTSTKModel
