# This file has been automatically generated after a calibration run
model_parameters:
  ae:
    ae_scale_factor: 1.0
  gm:
    direct_response: 0.2975813404860664
    dtf: 6.0
  kirchner:
    c1: -6.101452108927245
    c2: 0.06885473534755837
    c3: -0.0722430869373658
  msp:
    reservoir_direct_response_fraction: 1.0
  p_corr:
    scale_factor: 1.1902211521838257
  pt:
    albedo: 0.2
    alpha: 1.26
  routing:
    alpha: 0.9
    beta: 3.0
    velocity: 0.0
  st:
    cfr: 0.5055434135296023
    cx: 26.20491623714188
    lwmax: 0.8926321238631303
    shape: 2.0
    ts: -2.087476496609627
    tx: -3.2461389848373727
model_t: !!python/name:shyft.hydrology.pt_st_k._pt_st_k.PTSTKModel
