# This file has been automatically generated after a calibration run
model_parameters:
  ae:
    ae_scale_factor: 1.4999406995431732
  gm:
    direct_response: 1.0
    dtf: 5.0
  kirchner:
    c1: -4.8973709633902365
    c2: 0.5627380794538008
    c3: -0.05549149119764543
  msp:
    reservoir_direct_response_fraction: 1.0
  p_corr:
    scale_factor: 0.6163154639162307
  pt:
    albedo: 0.2
    alpha: 1.26
  routing:
    alpha: 0.9
    beta: 3.0
    velocity: 0.0
  st:
    cfr: 0.4645812150373085
    cx: 18.11143160824847
    lwmax: 0.0
    shape: 2.0
    ts: 0.18421021255509729
    tx: -2.8030256390467336
model_t: !!python/name:shyft.hydrology.pt_st_k._pt_st_k.PTSTKModel
