# This file has been automatically generated after a calibration run
model_parameters:
  ae:
    ae_scale_factor: 1.0
  gm:
    direct_response: 0.46727856084227626
    dtf: 6.0
  kirchner:
    c1: -5.891149772959475
    c2: 0.0536079129643221
    c3: -0.10991172799382948
  msp:
    reservoir_direct_response_fraction: 1.0
  p_corr:
    scale_factor: 1.2882446275855295
  pt:
    albedo: 0.2
    alpha: 1.26
  routing:
    alpha: 0.9
    beta: 3.0
    velocity: 0.0
  st:
    cfr: 0.6042072226325214
    cx: 13.728069440960303
    lwmax: 0.5289855172976138
    shape: 2.0
    ts: -2.788791685236447
    tx: -0.3039603847242067
model_t: !!python/name:shyft.hydrology.pt_st_k._pt_st_k.PTSTKModel
